     1	3.260 7.045 -7.422
     2	3.573 6.540 -6.322
     3	5.366 8.191 -6.018
     4	2.792 5.376 -5.797
     5	5.535 10.510 -5.730
     6	4.988 3.755 -5.687
     7	4.565 7.047 -5.559
     8	1.358 5.766 -5.472
     9	5.007 9.481 -5.280
    10	4.397 4.014 -4.620
    11	3.329 4.795 -4.543
    12	4.181 9.438 -4.262
    13	4.676 14.893 -3.996
    14	1.223 5.694 -3.993
    15	3.964 13.567 -3.811
    16	3.767 10.609 -3.513
    17	6.228 5.901 -3.507
    18	2.421 4.941 -3.408
    19	4.933 3.431 -3.326
    20	4.971 12.703 -3.176
    21	5.017 11.397 -3.042
    22	8.659 10.350 -3.032
    23	5.703 14.969 -2.920
    24	10.793 9.491 -2.899
    25	4.196 2.184 -2.863
    26	6.129 0.606 -2.768
    27	6.143 13.513 -2.696
    28	2.051 9.144 -2.623
    29	5.947 10.757 -2.523
    30	9.537 9.533 -2.431
    31	5.738 5.560 -2.409
    32	2.992 10.188 -2.225
    33	5.051 4.411 -2.204
    34	4.960 1.178 -1.991
    35	3.907 0.097 -1.634
    36	2.260 11.349 -1.551
    37	9.212 8.856 -1.337
    38	6.400 13.233 -1.225
    39	5.895 6.489 -1.213
    40	3.200 7.147 -1.103
    41	7.728 13.297 -0.921
    42	7.370 6.507 -0.731
    43	7.949 8.947 -0.615
    44	5.485 13.061 -0.382
    45	2.947 3.817 -0.189
    46	1.815 16.048 -0.129
    47	3.687 6.597 -0.111
    48	4.997 6.227 -0.100
    49	10.440 12.093 0.063
    50	7.717 7.687 0.206
    51	12.539 11.070 0.292
    52	11.941 12.170 0.391
    53	2.204 14.637 0.462
    54	8.114 13.103 0.500
    55	9.648 13.285 0.660
    56	12.416 13.225 0.681
    57	6.240 3.144 0.684
    58	0.756 16.761 0.757
    59	0.903 13.864 0.811
    60	7.212 15.334 0.966
    61	3.296 3.871 1.004
    62	4.349 9.794 1.022
    63	2.890 6.285 1.126
    64	6.605 17.695 1.246
    65	4.445 15.318 1.405
    66	7.427 14.073 1.410
    67	2.559 9.014 1.649
    68	3.321 4.987 1.720
    69	3.782 2.599 1.742
    70	3.074 14.894 1.756
    71	1.384 1.826 1.806
    72	6.614 16.317 1.913
    73	6.116 3.210 1.915
    74	3.039 7.369 2.240
    75	4.032 12.764 2.313
    76	5.212 15.936 2.350
    77	5.038 10.518 2.539
    78	7.036 13.682 2.540
    79	4.993 2.927 2.571
    80	2.698 1.953 2.608
    81	3.085 13.643 2.645
    82	6.136 6.072 2.653
    83	7.331 3.607 2.791
    84	10.151 16.024 2.938
    85	3.174 0.533 3.005
    86	4.180 11.549 3.187
    87	9.560 8.539 3.194
    88	8.145 2.404 3.240
    89	9.141 9.845 3.292
    90	10.013 3.895 3.323
    91	4.782 16.166 3.495
    92	2.315 13.523 3.578
    93	17.047 14.099 3.625
    94	13.131 16.517 3.629
    95	9.555 2.856 3.730
    96	6.304 5.578 3.799
    97	12.484 11.442 3.895
    98	20.593 17.742 3.945
    99	6.900 4.390 3.989
   100	8.906 7.586 4.027
   101	8.176 10.281 4.145
   102	10.914 15.338 4.163
   103	16.967 12.784 4.338
   104	19.334 12.829 4.463
   105	10.120 1.956 4.539
   106	4.632 11.944 4.596
   107	3.536 5.001 4.617
   108	11.987 16.360 4.681
   109	5.408 13.012 4.694
   110	18.635 18.861 4.738
   111	18.945 20.364 4.783
   112	7.884 8.006 4.883
   113	13.308 9.439 4.926
   114	19.925 18.042 4.949
   115	17.097 16.660 4.970
   116	7.532 9.373 4.983
   117	5.929 6.358 5.055
   118	0.193 8.750 5.100
   119	15.685 12.755 5.133
   120	-0.801 7.705 5.156
   121	1.664 16.221 5.230
   122	12.732 10.711 5.261
   123	15.115 11.555 5.265
   124	0.755 11.229 5.322
   125	18.170 12.703 5.337
   126	-0.203 10.044 5.354
   127	-2.079 8.031 5.430
   128	-3.097 7.057 5.458
   129	4.227 11.252 5.547
   130	5.213 2.016 5.557
   131	15.268 13.825 5.594
   132	-1.547 10.337 5.645
   133	-2.496 9.329 5.673
   134	4.107 4.851 5.691
   135	7.183 6.994 5.754
   136	17.664 18.669 5.806
   137	16.913 17.550 5.819
   138	6.880 14.615 5.830
   139	20.138 15.023 5.878
   140	18.238 20.937 5.908
   141	5.259 5.498 6.005
   142	5.879 13.502 6.026
   143	12.552 15.877 6.036
   144	13.856 11.469 6.066
   145	12.539 6.932 6.158
   146	20.172 17.730 6.217
   147	23.246 12.697 6.275
   148	18.150 11.546 6.304
   149	3.827 14.802 6.358
   150	21.143 15.478 6.427
   151	1.621 13.190 6.511
   152	21.452 16.969 6.513
   153	14.856 16.493 6.536
   154	13.590 16.917 6.560
   155	17.371 19.900 6.596
   156	1.986 16.520 6.614
   157	7.878 3.778 6.651
   158	0.715 12.045 6.657
   159	2.914 17.739 6.700
   160	3.545 3.935 6.751
   161	5.382 2.313 6.773
   162	4.696 13.908 6.882
   163	15.930 17.454 6.941
   164	13.168 18.006 6.945
   165	22.019 13.242 7.020
   166	22.055 14.701 7.032
   167	3.493 8.324 7.035
   168	11.490 15.773 7.038
   169	2.691 15.221 7.194
   170	11.226 4.699 7.244
   171	14.164 10.785 7.379
   172	1.672 14.132 7.434
   173	12.758 6.609 7.443
   174	14.993 9.862 7.443
   175	4.648 3.182 7.446
   176	11.971 13.583 7.552
   177	6.500 1.584 7.565
   178	11.346 14.658 7.743
   179	2.663 4.677 7.748
   180	1.125 11.125 7.815
   181	5.125 10.027 7.824
   182	7.798 3.609 7.876
   183	2.470 10.984 7.995
   184	4.528 13.422 8.025
   185	12.143 5.571 8.035
   186	17.360 15.651 8.067
   187	10.752 3.607 8.149
   188	1.567 2.613 8.165
   189	13.601 7.322 8.202
   190	4.076 9.103 8.225
   191	16.622 16.995 8.285
   192	21.944 12.628 8.396
   193	5.908 0.462 8.400
   194	13.488 11.241 8.417
   195	21.869 11.387 8.435
   196	7.186 2.582 8.445
   197	0.947 14.112 8.468
   198	8.504 10.686 8.530
   199	0.286 10.632 8.545
   200	1.802 3.735 8.610
   201	6.052 5.933 8.744
   202	10.280 14.760 8.823
   203	8.496 4.609 8.837
   204	8.048 8.987 8.881
   205	9.837 8.018 8.904
   206	7.581 13.949 8.944
   207	2.986 9.994 8.950
   208	6.990 -0.272 9.012
   209	9.793 13.410 9.173
   210	8.500 13.141 9.206
   211	18.298 15.206 9.219
   212	9.847 4.020 9.305
   213	15.592 16.974 9.434
   214	21.894 13.435 9.436
   215	8.140 11.694 9.635
   216	1.394 4.252 9.767
   217	13.660 10.707 9.787
   218	6.441 5.527 9.850
   219	6.710 11.631 9.992
   220	7.647 4.909 10.005
   221	15.885 12.426 10.016
   222	10.790 15.535 10.085
   223	11.393 11.308 10.185
   224	3.609 10.505 10.230
   225	17.199 10.929 10.237
   226	3.984 11.764 10.241
   227	12.269 10.431 10.323
   228	4.664 3.268 10.343
   229	12.059 14.803 10.671
   230	10.057 7.752 10.682
   231	14.368 11.748 10.691
   232	24.284 13.401 10.709
   233	12.703 4.973 10.746
   234	21.936 12.911 10.809
   235	12.019 9.272 10.928
   236	13.733 6.929 11.026
   237	5.598 5.767 11.082
   238	6.255 12.243 11.106
   239	9.684 15.686 11.138
   240	3.766 9.715 11.186
   241	7.670 2.031 11.245
   242	4.769 12.336 11.360
   243	10.646 8.991 11.408
   244	13.311 5.853 11.455
   245	5.115 3.379 11.461
   246	20.615 13.191 11.521
   247	23.131 13.601 11.593
   248	19.827 12.110 11.642
   249	12.733 15.676 11.781
   250	6.022 6.977 11.891
   251	5.606 4.546 11.941
   252	20.357 14.317 11.948
   253	7.037 12.750 11.954
   254	17.582 11.117 11.996
   255	18.504 12.312 12.298
   256	5.145 2.209 12.453
   257	7.581 2.090 12.506
   258	2.716 2.891 12.869
   259	13.512 5.395 12.878
   260	10.654 8.793 12.919
   261	8.726 4.858 12.923
   262	8.366 9.804 12.958
   263	23.340 12.935 12.962
   264	8.811 -0.477 12.969
   265	6.458 2.162 13.159
   266	8.912 2.083 13.258
   267	3.995 2.354 13.478
   268	11.659 8.296 13.491
   269	12.266 4.769 13.501
   270	9.561 9.108 13.563
   271	14.930 9.862 13.568
   272	13.966 6.502 13.739
   273	10.775 12.617 13.762
   274	16.859 14.150 13.779
   275	18.684 12.451 13.784
   276	9.207 0.677 13.924
   277	16.093 5.705 14.039
   278	9.676 13.433 14.048
   279	13.200 11.914 14.071
   280	8.753 4.376 14.083
   281	7.338 9.786 14.114
   282	3.758 1.032 14.208
   283	15.171 6.533 14.280
   284	10.714 0.702 14.312
   285	8.881 3.075 14.358
   286	19.533 11.718 14.362
   287	12.000 12.819 14.399
   288	17.880 13.266 14.426
   289	14.275 9.687 14.612
   290	8.875 6.686 14.796
   291	12.538 4.304 14.922
   292	9.802 14.456 14.996
   293	16.098 14.689 14.997
   294	9.448 9.034 15.012
   295	13.407 3.298 15.015
   296	6.274 5.220 15.031
   297	13.257 10.745 15.081
   298	11.185 -0.516 15.142
   299	15.445 7.667 15.246
   300	8.740 15.265 15.269
   301	8.673 5.314 15.279
   302	12.119 13.853 15.332
   303	8.230 9.957 15.345
   304	14.342 8.640 15.422
   305	9.288 7.670 15.606
   306	11.045 14.675 15.610
   307	17.924 13.421 15.877
   308	11.982 4.849 15.886
   309	7.340 5.121 15.996
   310	16.652 11.368 16.033
   311	17.076 14.658 16.145
   312	13.725 11.174 16.425
   313	17.392 12.206 16.594
   314	15.680 7.099 16.682
   315	9.490 7.519 16.819
   316	11.720 11.040 17.428
   317	12.936 11.227 17.470
   318	17.728 12.124 17.884
   319	14.109 14.303 18.212
   320	17.334 10.956 18.691
   321	15.036 11.747 18.715
   322	13.564 11.573 18.836
   323	15.875 10.688 18.871
   324	13.140 14.094 18.958
   325	15.434 9.550 19.166
   326	12.267 14.963 19.265
   327	12.933 12.737 19.580
